6
5
491.686560 330.715942
495.553957 599.500000
258.196581 599.500000
222.351250 328.925562
305.143936 265.574073
4
222.351250 328.925562
258.196581 599.500000
-0.000000 599.500000
-0.000000 292.933453
5
300.350181 -0.000000
305.143936 265.574073
222.351250 328.925562
-0.000000 292.933453
-0.000000 -0.000000
4
799.500000 -0.000000
799.500000 305.496390
573.575721 267.978279
540.646186 -0.000000
5
799.500000 305.496390
799.500000 599.500000
495.553957 599.500000
491.686560 330.715942
573.575721 267.978279
5
540.646186 -0.000000
573.575721 267.978279
491.686560 330.715942
305.143936 265.574073
300.350181 -0.000000
